MBA Code MBA Code
11, 1
12, 011
13, 010
14, 0011
15, 0010
16, 0001 1
17, 0001 0
18, 0000 111
19, 0000 110
10, 0000 1011
11, 0000 1010
12, 0000 1001
13, 0000 1000
14, 0000 0111
15, 0000 0110
16, 0000 0101 11
1
011
010
0011
0010
0001 1
0001 0
0000 111
0000 110
0000 1011
0000 1010
0000 1001
0000 1000
0000 0111
0000 0110
0000 0101 11
17, 0000 0101 10
18, 0000 0101 01
19, 0000 0101 00
20, 0000 0100 11
21, 0000 0100 10
22, 0000 0100 011
23, 0000 0100 010
24, 0000 0100 001
25, 0000 0100 000
26, 0000 0011 111
27, 0000 0011 110
28, 0000 0011 101
29, 0000 0011 100
30, 0000 0011 011
31, 0000 0011 010
32, 0000 0011 001
33, 0000 0011 000
MBA stuffing, 0000 0001 111
Start code, 0000 0000 0000 0001
0000 0101 10
0000 0101 01
0000 0101 00
0000 0100 11
0000 0100 10
0000 0100 011
0000 0100 010
0000 0100 001
0000 0100 000
0000 0011 111
0000 0011 110
0000 0011 101
0000 0011 100
0000 0011 011
0000 0011 010
0000 0011 001
0000 0011 000
0000 0001 111
0000 0000 0000 0001